bpm	100
0	0.600	0	0	0	0	0	0	0	0
0	0.600	0	0	0	0	0	0	0	0
0	0.600	0	0	0	0	0	0	0	0
0	0.600	0	0	0	0	0	0	0	0
1	0.600	8	0	5	0	1	1	0	0
1	0.300	5	0	3	0	0	1	0	0
1	0.300	5	1	5	5	0	1	0	0
1	0.300	5	0	3	0	0	1	0	0
1	0.300	5	0	5	0	1	1	0	0
1	0.300	5	0	3	0	0	1	0	0
1	0.300	5	1	5	5	0	1	0	0
1	0.300	5	0	3	0	0	1	0	0
2	0.300	5	0	5	0	1	1	0	0
2	0.300	5	0	3	0	0	1	0	0
2	0.300	5	1	5	5	0	1	0	0
2	0.300	5	0	3	0	0	1	0	0
2	0.300	5	0	5	0	1	1	0	0
2	0.300	5	0	3	0	0	1	0	0
2	0.300	1	0	5	0	0	1	0	0
2	0.150	0	1	0	5	0	1	0	0
2	0.150	4	0	5	0	0	1	0	0
1	0.300	8	0	5	0	1	1	0	0
1	0.300	5	0	3	0	0	1	0	0
1	0.300	5	1	5	5	0	1	0	0
1	0.300	5	0	3	0	0	1	0	0
1	0.300	5	0	5	0	1	1	0	0
1	0.300	5	0	3	0	0	1	0	0
1	0.300	5	1	5	5	0	1	0	0
1	0.300	5	0	3	0	0	1	0	0
2	0.300	5	0	5	0	1	1	0	0
2	0.300	5	0	3	0	0	1	0	0
2	0.300	5	1	5	5	0	1	0	0
2	0.300	5	0	3	0	0	1	0	0
2	0.300	1	0	5	0	0	1	0	0
2	0.300	1	0	5	0	0	1	0	0
2	0.300	1	0	5	0	0	1	0	0
2	0.150	0	1	0	5	0	1	0	0
2	0.150	4	0	5	0	0	1	0	0
1	0.300	8	0	5	0	1	1	0	0
1	0.300	5	0	3	0	0	1	0	0
1	0.300	5	1	5	5	0	1	0	0
1	0.300	5	0	3	0	0	1	0	0
1	0.300	5	0	5	0	1	1	0	0
1	0.300	5	0	3	0	0	1	0	0
1	0.300	5	1	5	5	0	1	0	0
1	0.300	5	0	3	0	0	1	0	0
2	0.300	5	0	5	0	1	1	0	0
2	0.300	5	0	3	0	0	1	0	0
2	0.300	5	1	5	5	0	1	0	0
2	0.300	5	0	3	0	0	1	0	0
2	0.300	1	0	5	0	0	1	0	0
2	0.300	4	0	5	0	0	1	0	0
2	0.300	1	0	5	0	0	1	0	0
2	0.150	0	1	0	5	0	1	0	0
2	0.150	3	0	5	0	0	1	0	0
1	0.300	8	0	5	0	1	1	0	0
1	0.300	5	0	3	0	0	1	0	0
1	0.300	5	1	5	5	0	1	0	0
1	0.300	5	0	3	0	0	1	0	0
1	0.300	5	0	5	0	1	1	0	0
1	0.300	5	0	3	0	0	1	0	0
1	0.300	5	1	5	5	0	1	0	0
1	0.300	5	0	3	0	0	1	0	0
2	0.300	5	0	5	0	1	1	0	0
2	0.300	5	0	3	0	0	1	0	0
2	0.300	5	1	5	5	0	1	0	0
2	0.300	5	0	3	0	0	1	0	0
2	0.300	5	0	5	0	1	1	0	0
2	0.300	5	0	3	0	0	1	0	0
2	0.300	1	0	5	0	0	1	0	0
2	0.300	0	1	0	5	0	1	0	0
2	0.150	1	0	5	0	0	1	0	0
1	0.150	4	0	5	0	1	1	0	0
1	0.300	5	0	3	0	0	1	0	0
1	0.300	5	1	5	5	0	1	0	0
1	0.300	5	0	3	0	0	1	0	0
1	0.300	5	0	5	0	1	1	0	0
1	0.300	5	0	3	0	0	1	0	0
1	0.300	5	1	5	5	0	1	0	0
1	0.300	5	0	3	0	0	1	0	0
2	0.300	5	0	5	0	1	1	0	0
2	0.300	5	0	3	0	0	1	0	0
2	0.300	5	1	5	5	0	1	0	0
2	0.300	5	0	3	0	0	1	0	0
2	0.300	1	0	5	0	0	1	0	0
2	0.300	1	0	5	0	0	1	0	0
2	0.150	0	1	0	5	0	1	0	0
2	0.150	1	0	5	0	0	1	0	0
2	0.150	0	1	0	5	0	1	0	0
2	0.150	4	0	5	0	0	1	0	0
1	0.300	8	0	5	0	1	1	0	0
1	0.300	5	0	3	0	0	1	0	0
1	0.300	5	1	5	5	0	1	0	0
1	0.300	5	0	3	0	0	1	0	0
1	0.300	5	0	5	0	1	1	0	0
1	0.300	5	0	3	0	0	1	0	0
1	0.300	5	1	5	5	0	1	0	0
1	0.300	5	0	3	0	0	1	0	0
2	0.300	5	0	5	0	1	1	0	0
2	0.300	5	0	3	0	0	1	0	0
2	0.300	5	1	5	5	0	1	0	0
2	0.300	5	0	3	0	0	1	0	0
2	0.300	1	0	5	0	0	1	0	0
2	0.300	2	0	5	0	0	1	0	0
2	0.150	0	1	0	5	0	1	0	0
2	0.150	1	0	5	0	0	1	0	0
2	0.150	0	1	0	5	0	1	0	0
2	0.150	4	0	5	0	0	1	0	0
1	0.300	8	0	5	0	1	1	0	0
1	0.300	5	0	3	0	0	1	0	0
1	0.300	5	1	5	5	0	1	0	0
1	0.300	5	0	3	0	0	1	0	0
1	0.300	5	0	5	0	1	1	0	0
1	0.300	5	0	3	0	0	1	0	0
1	0.300	5	1	5	5	0	1	0	0
1	0.300	5	0	3	0	0	1	0	0
2	0.300	5	0	5	0	1	1	0	0
2	0.300	5	0	3	0	0	1	0	0
2	0.300	5	1	5	5	0	1	0	0
2	0.300	5	0	3	0	0	1	0	0
2	0.300	1	0	5	0	0	1	0	0
2	0.300	1	0	5	0	0	1	0	0
2	0.150	0	1	0	5	0	1	0	0
2	0.150	1	0	5	0	0	1	0	0
2	0.150	0	4	0	5	0	1	0	0
2	0.150	3	0	5	0	0	1	0	0
2	0.150	0	2	0	5	0	1	0	0
1	0.150	7	0	5	0	1	1	0	0
1	0.300	0	0	0	0	0	1	0	0
1	0.300	5	1	5	5	0	1	0	0
1	0.300	5	0	3	0	0	1	0	0
1	0.300	5	0	5	0	1	1	0	0
1	0.300	5	0	3	0	0	1	0	0
1	0.300	5	1	5	5	0	1	0	0
1	0.300	5	0	3	0	0	1	0	0
2	0.300	5	0	5	0	1	1	0	0
2	0.300	5	0	3	0	0	1	0	0
2	0.300	5	1	5	5	0	1	0	0
2	0.300	5	0	3	0	0	1	0	0
2	0.300	1	0	5	0	0	1	0	0
2	0.150	0	1	0	5	0	1	0	0
2	0.150	1	0	5	0	0	1	0	0
2	0.150	0	1	0	5	0	1	0	0
2	0.150	1	0	5	0	0	1	0	0
2	0.150	0	4	0	5	0	1	0	0
2	0.150	3	0	5	0	0	1	0	0
2	0.150	0	2	0	5	0	1	0	0
0	0.150	7	0	5	0	1	0	0	0
0	0.600	0	0	0	0	0	0	0	0
0	0.600	0	0	0	0	0	0	0	0
0	0.600	1	1	0	0	0	0	0	0
0	0.600	0	0	0	0	0	0	0	0
0	0.600	0	0	0	0	0	0	0	0
end	100