bpm	64.5
1	0.3	0	0	0	0	0	0	
1	0.3	0	0	0	0	0	0	
1	0.3	0	0	0	0	0	0	
1	0.3	0	0	0	0	0	0	
2	0.3	0	0	0	0	0	0	
2	0.3	0	0	0	0	0	0	
2	0.3	0	0	0	0	0	0	
2	0.3	0	0	0	0	0	0	
3	0.3	0	0	0	0	0	0	
3	0.3	0	0	0	0	0	0	
3	0.3	0	0	0	0	0	0	
3	0.3	0	0	0	0	0	0	
4	0.3	5	0	5	0	0	0	
4	0.3	0	0	0	0	0	0	
4	0.3	5	0	5	0	0	0	
4	0.3	0	0	0	0	0	0	
5	0.3	5	0	5	0	0	0	
5	0.3	5	0	5	0	0	0	
5	0.3	5	0	5	0	0	0	
5	0.3	0	1	0	5	0	0	
6	0.3	8	0	5	0	1	0	
bpm	64
6	0.3	0	0	0	0	0	0	
6	0.3	7	8	5	5	1	0	
6	0.3	0	0	0	0	0	0	
7	0.3	7	0	5	0	1	0	
7	0.3	0	0	0	0	0	0	
7	0.3	0	0	0	0	0	0	
7	0.3	0	0	0	0	0	0	
8	0.3	7	8	5	5	1	0	
8	0.3	0	0	0	0	0	0	
8	0.3	4	0	5	0	0	0	
8	0.1	0	4	0	5	0	0	
8	0.1	3	0	5	0	0	0	
8	0.1	0	3	0	5	0	0	
8	0.1	2	0	5	0	0	0	
8	0.1	0	2	0	5	0	0	
9	0.1	7	0	5	0	1	0	
9	0.3	0	0	0	0	0	0	
9	0.3	0	4	0	5	0	0	
9	0.2	3	0	5	0	0	0	
9	0.2	2	0	5	0	0	0	
10	0.2	0	1	0	5	0	0	
10	0.3	0	0	0	0	0	0	
10	0.15	1	0	5	0	0	0	
10	0.075	0	1	0	5	0	0	
10	0.075	1	0	5	0	0	0	
10	0.3	0	1	0	5	0	0	
11	0.3	8	0	5	0	1	0	
11	0.3	0	0	0	0	0	0	
11	0.3	4	0	5	0	0	0	
11	0.1	0	4	0	5	0	0	
11	0.1	3	0	5	0	0	0	
11	0.1	0	3	0	5	0	0	
11	0.1	2	0	5	0	0	0	
11	0.1	0	2	0	5	0	0	
12	0.1	7	0	5	0	1	0	
12	0.3	0	0	0	0	0	0	
12	0.3	0	8	0	5	1	0	
12	0.3	0	0	0	0	0	0	
13	0.3	7	8	5	5	1	0	
13	0.3	0	0	0	0	0	0	
13	0.3	0	0	0	0	0	0	
13	0.15	0	0	0	0	1	0	
13	0.15	7	1	5	5	0	0	
14	0.3	7	0	5	0	1	0
bpm	65	
14	0.3	6	1	5	5	0	0	
14	0.3	6	0	5	0	1	0	
14	0.3	6	1	5	5	0	0	
15	0.3	6	0	5	0	1	0	
15	0.3	6	1	5	5	0	0	
15	0.3	6	0	5	0	1	0	
15	0.3	6	1	5	5	0	0	
16	0.3	7	0	5	0	1	0	
16	0.3	0	0	0	0	0	0	
16	0.3	0	0	0	0	0	0	
16	0.3	0	0	0	0	0	0	
17	0.3	7	0	5	0	1	0	
17	0.3	0	0	0	0	0	0	
17	0.3	0	0	0	0	0	0	
17	0.3	0	0	0	0	0	0	
18	0.3	4	0	5	0	0	0	
18	0.1	0	4	0	5	0	0	
18	0.1	4	0	5	0	0	0	
18	0.1	0	4	0	5	0	0	
18	0.1	4	0	5	0	0	0	
18	0.1	0	4	0	5	0	0	
18	0.1	3	0	5	0	0	0	
18	0.1	0	3	0	5	0	0	
18	0.1	2	0	5	0	0	0	
18	0.1	0	2	0	5	0	0	
18	0.1	2	0	5	0	0	0	
18	0.1	0	2	0	5	0	0	
19	0.1	7	0	5	0	1	0	
19	0.3	0	0	0	0	0	0	
19	0.3	0	1	0	0	0	0	
19	0.3	0	0	0	0	0	0	
20	0.3	0	0	0	0	0	0	
20	0.3	0	0	0	0	0	0	
20	0.3	0	0	0	0	0	0	
20	0.3	0	0	0	0	0	0	
21	0.3	5	0	5	0	0	0	
bpm	80
21	0.3	5	0	5	0	0	0	
21	0.3	5	0	5	0	0	0	
21	0.3	0	1	0	5	0	0	
22	0.3	8	0	5	0	1	1	
22	0.3	5	1	5	5	0	1	
22	0.3	5	0	5	0	1	1	
22	0.15	0	0	0	0	1	1	
22	0.15	5	1	5	5	0	1	
23	0.3	5	0	5	0	1	1	
23	0.3	5	1	5	5	0	1	
23	0.3	5	0	5	0	1	1	
23	0.15	0	0	0	0	1	1	
23	0.15	5	1	5	5	0	1	
24	0.3	5	0	5	0	1	1	
24	0.3	5	1	5	5	0	1	
24	0.3	5	0	5	0	1	1	
24	0.15	0	0	0	0	1	1	
24	0.15	5	1	5	5	0	1	
25	0.3	5	0	5	0	1	1	
25	0.3	5	1	5	5	0	1	
25	0.15	0	0	0	0	1	1	
25	0.15	5	0	5	0	1	1	
25	0.15	0	0	0	0	1	1	
25	0.15	5	1	5	5	0	1	
26	0.3	5	0	5	0	1	1	
26	0.3	5	1	5	5	0	1	
26	0.3	5	0	5	0	1	1	
26	0.15	0	0	0	0	1	1	
26	0.15	5	1	5	5	0	1	
27	0.3	5	0	5	0	1	1	
27	0.3	5	1	5	5	0	1	
27	0.3	5	0	5	0	1	1	
27	0.15	0	0	0	0	1	1	
27	0.15	5	1	5	5	0	1	
28	0.3	5	0	5	0	1	1	
28	0.3	5	1	5	5	0	1	
28	0.3	5	0	5	0	1	1	
28	0.15	0	0	0	0	1	1	
28	0.15	5	1	5	5	0	1	
29	0.3	0	0	0	0	1	0	
29	0.15	2	1	5	5	0	0	
29	0.15	2	1	5	5	0	0	
29	0.15	2	1	5	5	0	0	
29	0.15	2	1	5	5	0	0	
29	0.15	0	1	0	5	0	0	
29	0.075	0	1	0	5	0	0	
29	0.075	1	0	5	0	0	0	
29	0.15	0	1	0	5	0	0	
30	0.15	8	0	5	0	1	1	
30	0.3	5	1	5	5	0	1	
30	0.3	5	0	5	0	1	1	
30	0.15	0	0	0	0	1	1	
30	0.15	5	1	5	5	0	1	
31	0.3	5	0	5	0	1	1	
31	0.3	5	1	5	5	0	1	
31	0.3	5	0	5	0	1	1	
31	0.15	0	0	0	0	1	1	
31	0.15	5	1	5	5	0	1	
32	0.3	5	0	5	0	1	1	
32	0.3	5	1	5	5	0	1	
32	0.3	5	0	5	0	1	1	
32	0.15	0	0	0	0	1	1	
32	0.15	5	1	5	5	0	1	
33	0.3	5	0	5	0	1	1	
33	0.3	5	1	5	5	0	1	
33	0.15	0	0	0	0	1	1	
33	0.15	5	0	5	0	0	1	
33	0.15	0	0	0	0	1	1	
33	0.15	5	1	5	5	0	1	
34	0.3	5	0	5	0	1	1	
34	0.3	5	1	5	5	0	1	
34	0.3	5	0	5	0	1	1	
34	0.15	0	0	0	0	1	1	
34	0.15	5	1	5	5	0	1	
35	0.3	5	0	5	0	1	1	
35	0.3	5	1	5	5	0	1	
35	0.3	5	0	5	0	1	1	
35	0.15	0	0	0	0	1	1	
35	0.15	5	1	5	5	0	1	
36	0.3	5	0	5	0	1	1	
36	0.3	5	1	5	5	0	1	
36	0.3	5	0	5	0	1	1	
36	0.15	0	0	0	0	1	1	
36	0.15	5	1	5	5	0	1	
37	0.3	5	0	5	0	1	1	
37	0.3	5	1	5	5	0	1	
37	0.15	0	0	0	0	1	1	
37	0.15	5	0	5	0	0	1	
37	0.15	0	0	0	0	1	1	
37	0.15	5	1	5	5	0	1	
38	0.3	8	0	5	0	1	1	
38	0.3	5	1	5	5	0	1	
38	0.3	5	0	5	0	1	1	
38	0.15	0	0	0	0	1	1	
38	0.15	5	1	5	5	0	1	
39	0.3	5	0	5	0	1	1	
39	0.3	5	1	5	5	0	1	
39	0.3	5	0	5	0	1	1	
39	0.15	0	0	0	0	1	1	
39	0.15	5	1	5	5	0	1	
40	0.3	5	0	5	0	1	1	
40	0.3	5	1	5	5	0	1	
40	0.3	5	0	5	0	1	1	
40	0.15	0	0	0	0	1	1	
40	0.15	5	1	5	5	0	1	
41	0.3	5	0	5	0	1	1	
41	0.3	5	1	5	5	0	1	
41	0.15	0	0	0	0	1	1	
41	0.15	5	0	5	0	0	1	
41	0.15	0	0	0	0	1	1	
41	0.15	5	1	5	5	0	1	
42	0.3	5	0	5	0	1	1	
42	0.3	5	1	5	5	0	1	
42	0.3	5	0	5	0	1	1	
42	0.15	0	0	0	0	1	1	
42	0.15	5	1	5	5	0	1	
43	0.3	5	0	5	0	1	1	
43	0.3	5	1	5	5	0	1	
43	0.3	5	0	5	0	1	1	
43	0.15	0	0	0	0	1	1	
43	0.15	5	1	5	5	0	1	
44	0.3	5	0	5	0	1	1	
44	0.3	5	1	5	5	0	1	
44	0.3	5	0	5	0	1	1	
44	0.15	0	0	0	0	1	1	
44	0.15	5	1	5	5	0	1	
45	0.3	0	0	0	0	1	1	
45	0.15	8	1	5	5	0	0	
45	0.3	0	0	0	0	1	0	
45	0.15	8	1	5	5	0	0	
45	0.3	8	1	5	5	0	0	
46	0.3	8	0	5	0	1	0	
46	0.3	5	0	5	0	0	1	
46	0.3	5	0	5	0	1	1	
46	0.3	5	1	5	5	0	1	
47	0.3	5	0	5	0	1	1	
47	0.3	5	0	5	0	0	1	
47	0.3	5	0	5	0	1	1	
47	0.3	5	1	5	5	0	1	
48	0.3	0	0	0	0	1	1	
48	0.2	3	4	5	5	0	0	
48	0.2	3	0	5	0	0	0	
48	0.2	0	3	0	5	0	0	
48	0.2	2	0	5	0	0	0	
48	0.2	0	2	0	5	0	0	
49	0.2	7	0	5	0	1	0	
49	0.3	5	1	5	0	0	1	
49	0.3	5	0	5	0	1	1	
49	0.3	5	1	5	5	0	1	
50	0.3	8	0	5	0	1	0	
50	0.15	0	4	0	5	0	0	
50	0.075	0	4	0	5	0	0	
50	0.075	4	0	5	0	0	0	
50	0.15	0	4	0	5	0	0	
50	0.15	3	0	5	0	0	0	
50	0.15	0	3	0	5	0	0	
50	0.15	2	0	5	0	0	0	
50	0.15	0	8	0	5	1	0	
51	0.15	0	0	0	5	0	0	
51	0.3	0	0	0	0	1	0	
51	0.3	8	1	5	5	1	0	
51	0.3	0	1	0	5	0	0	
52	0.3	8	0	5	0	1	1	
52	0.3	5	1	5	5	0	1	
52	0.3	5	0	5	0	1	1	
52	0.15	0	0	0	0	1	1	
52	0.15	5	1	5	5	0	1	
53	0.3	5	0	5	0	1	1	
53	0.3	5	1	5	5	0	1	
53	0.3	5	0	5	0	1	1	
53	0.15	0	0	0	0	1	1	
53	0.15	5	1	5	5	0	1	
54	0.3	5	0	5	0	1	1	
54	0.3	5	1	5	5	0	1	
54	0.3	5	0	5	0	1	1	
54	0.15	0	0	0	0	1	1	
54	0.15	5	1	5	5	0	1	
55	0.3	0	0	0	0	1	1	
55	0.15	2	1	5	5	0	0	
55	0.15	2	1	5	5	0	0	
55	0.15	2	1	5	5	0	0	
55	0.15	2	1	5	5	0	0	
55	0.15	0	1	0	5	0	0	
55	0.075	0	1	0	5	0	0	
55	0.075	1	0	5	0	0	0	
55	0.15	0	1	0	5	0	0	
56	0.15	8	0	5	0	1	1	
56	0.3	5	1	5	5	0	1	
56	0.3	5	0	5	0	1	1	
56	0.15	0	0	0	0	1	1	
56	0.15	5	1	5	5	0	1	
57	0.3	5	0	5	0	1	1	
57	0.3	5	1	5	5	0	1	
57	0.3	5	0	5	0	1	1	
57	0.15	0	0	0	0	1	1	
57	0.15	5	1	5	5	0	1	
58	0.3	5	0	5	0	1	1	
58	0.3	5	1	5	5	0	1	
58	0.3	5	0	5	0	1	1	
58	0.15	0	0	0	0	1	1	
58	0.15	5	1	5	5	0	1	
59	0.3	5	0	5	0	1	1	
59	0.3	5	1	5	5	0	1	
59	0.15	0	0	0	0	1	1	
59	0.15	5	0	5	0	0	1	
59	0.15	0	0	0	0	1	1	
59	0.15	5	1	5	5	0	1	
60	0.3	5	0	5	0	1	1	
60	0.3	5	1	5	5	0	1	
60	0.3	5	0	5	0	1	1	
60	0.15	0	0	0	0	1	1	
60	0.15	5	1	5	5	0	1	
61	0.3	5	0	5	0	1	1	
61	0.3	5	1	5	5	0	1	
61	0.3	5	0	5	0	1	1	
61	0.15	0	0	0	0	1	1	
61	0.15	5	1	5	5	0	1	
62	0.3	5	0	5	0	1	1	
62	0.3	5	1	5	5	0	1	
62	0.3	5	0	5	0	1	1	
62	0.15	0	0	0	0	1	1	
62	0.15	5	1	5	5	0	1	
63	0.3	5	0	5	0	1	1	
63	0.3	5	1	5	5	0	1	
63	0.15	0	0	0	0	1	1	
63	0.15	5	0	5	0	0	1	
63	0.15	0	0	0	0	1	1	
63	0.15	5	1	5	5	0	1	
64	0.3	8	0	5	0	1	1	
64	0.3	5	1	5	5	0	1	
64	0.3	5	0	5	0	1	1	
64	0.15	0	0	0	0	1	1	
64	0.15	5	1	5	5	0	1	
65	0.3	5	0	5	0	1	1	
65	0.3	5	1	5	5	0	1	
65	0.3	5	0	5	0	1	1	
65	0.15	0	0	0	0	1	1	
65	0.15	5	1	5	5	0	1	
66	0.3	5	0	5	0	1	1	
66	0.3	5	1	5	5	0	1	
66	0.3	5	0	5	0	1	1	
66	0.15	0	0	0	0	1	1	
66	0.15	5	1	5	5	0	1	
67	0.3	5	0	5	0	1	1	
67	0.3	5	1	5	5	0	1	
67	0.15	0	0	0	0	1	1	
67	0.15	5	0	5	0	0	1	
67	0.15	0	0	0	0	1	1	
67	0.15	5	1	5	5	0	1	
68	0.3	5	0	5	0	1	1	
68	0.3	5	1	5	5	0	1	
68	0.3	5	0	5	0	1	1	
68	0.15	0	0	0	0	1	1	
68	0.15	5	1	5	5	0	1	
69	0.3	5	0	5	0	1	1	
69	0.3	5	1	5	5	0	1	
69	0.3	5	0	5	0	1	1	
69	0.15	0	0	0	0	1	1	
69	0.15	5	1	5	5	0	1	
70	0.3	5	0	5	0	1	1	
70	0.3	5	1	5	5	0	1	
70	0.3	5	0	5	0	1	1	
70	0.15	0	0	0	0	1	1	
70	0.15	5	1	5	5	0	1	
71	0.3	0	0	0	0	1	1	
71	0.15	2	1	5	5	0	0	
71	0.15	2	1	5	5	0	0	
71	0.15	2	1	5	5	0	0	
71	0.15	2	1	5	5	0	0	
71	0.3	1	0	5	0	0	0	
71	0.15	0	1	0	5	0	0	
72	0.15	8	0	5	0	1	1	
72	0.3	5	1	5	5	0	1	
72	0.3	5	0	5	0	1	1	
72	0.15	0	0	0	0	1	1	
72	0.15	5	1	5	5	0	1	
73	0.3	5	0	5	0	1	1	
73	0.3	5	1	5	5	0	1	
73	0.3	5	0	5	0	1	1	
73	0.15	0	0	0	0	1	1	
73	0.15	5	1	5	5	0	1	
74	0.3	5	0	5	0	1	1	
74	0.3	5	1	5	5	0	1	
74	0.3	5	0	5	0	1	1	
74	0.15	0	0	0	0	1	1	
74	0.15	5	1	5	5	0	1	
75	0.3	5	0	5	0	1	1	
75	0.3	5	1	5	5	0	1	
75	0.15	0	0	0	0	1	1	
75	0.15	5	0	5	0	0	1	
75	0.15	0	0	0	0	1	1	
75	0.15	5	1	5	5	0	1	
76	0.3	5	0	5	0	1	1	
76	0.3	5	1	5	5	0	1	
76	0.3	5	0	5	0	1	1	
76	0.15	0	0	0	0	1	1	
76	0.15	5	1	5	5	0	1	
77	0.3	5	0	5	0	1	1	
77	0.3	5	1	5	5	0	1	
77	0.3	5	0	5	0	1	1	
77	0.15	0	0	0	0	1	1	
77	0.15	5	1	5	5	0	1	
78	0.3	5	0	5	0	1	1	
78	0.3	5	1	5	5	0	1	
78	0.3	5	0	5	0	1	1	
78	0.15	0	0	0	0	1	1	
78	0.15	5	1	5	5	0	1	
79	0.3	5	0	5	0	1	1	
79	0.3	5	1	5	5	0	1	
79	0.15	0	0	0	0	1	1	
79	0.15	5	0	5	0	0	1	
79	0.15	0	0	0	0	1	1	
79	0.15	5	1	5	5	0	1	
80	0.3	8	0	5	0	1	1	
80	0.3	5	1	5	5	0	1	
80	0.3	5	0	5	0	1	1	
80	0.15	0	0	0	0	1	1	
80	0.15	5	1	5	5	0	1	
81	0.3	5	0	5	0	1	1	
81	0.3	5	1	5	5	0	1	
81	0.3	5	0	5	0	1	1	
81	0.15	0	0	0	0	1	1	
81	0.15	5	1	5	5	0	1	
82	0.3	5	0	5	0	1	1	
82	0.3	5	1	5	5	0	1	
82	0.3	5	0	5	0	1	1	
82	0.15	0	0	0	0	1	1	
82	0.15	5	1	5	5	0	1	
83	0.3	5	0	5	0	1	1	
83	0.3	5	1	5	5	0	1	
83	0.15	0	0	0	0	1	1	
83	0.15	5	0	5	0	0	1	
83	0.15	0	0	0	0	1	1	
83	0.15	5	1	5	5	0	1	
84	0.3	5	0	5	0	1	1	
84	0.3	5	1	5	5	0	1	
84	0.3	5	0	5	0	1	1	
84	0.15	0	0	0	0	1	1	
84	0.15	5	1	5	5	0	1	
85	0.3	5	0	5	0	1	1	
85	0.3	5	1	5	5	0	1	
85	0.3	5	0	5	0	1	1	
85	0.15	0	0	0	0	1	1	
85	0.15	5	1	5	5	0	1	
86	0.3	5	0	5	0	1	1	
86	0.3	5	1	5	5	0	1	
86	0.3	5	0	5	0	1	1	
86	0.15	0	0	0	0	1	1	
86	0.15	5	1	5	5	0	1	
87	0.3	0	0	0	0	1	1	
87	0.15	8	1	5	5	0	1	
87	0.3	0	0	0	0	1	1	
87	0.15	8	1	5	5	0	1	
87	0.3	8	1	5	5	0	1	
88	0.3	8	0	5	0	1	1	
88	0.3	5	0	5	0	0	1	
88	0.3	5	0	5	0	1	1	
88	0.3	5	1	5	5	0	1	
89	0.3	5	0	5	0	1	1	
89	0.3	5	0	5	0	0	1	
89	0.3	5	0	5	0	1	1	
89	0.3	5	1	5	5	0	1	
90	0.3	0	0	0	0	1	0	
90	0.2	3	4	5	5	0	0	
90	0.2	3	0	5	0	0	0	
90	0.2	0	3	0	5	0	0	
90	0.2	2	0	5	0	0	0	
90	0.2	0	2	0	5	0	0	
91	0.2	8	0	5	0	1	0	
91	0.3	5	1	5	0	0	1	
91	0.3	5	0	5	0	1	1	
91	0.3	5	1	5	5	0	1	
92	0.3	8	0	5	0	1	0	
92	0.15	0	4	0	5	0	0	
92	0.075	0	4	0	5	0	0	
92	0.075	4	0	5	0	0	0	
92	0.15	0	4	0	5	0	0	
92	0.15	3	0	5	0	0	0	
92	0.15	0	3	0	5	0	0	
92	0.15	2	0	5	0	0	0	
92	0.15	0	8	0	5	1	0	
93	0.15	0	0	0	0	0	0	
93	0.3	0	0	0	0	1	0	
93	0.3	8	1	5	5	1	0	
93	0.3	0	1	0	5	0	0	
94	0.3	8	0	5	0	1	1	
94	0.3	5	1	5	5	0	1	
94	0.3	5	0	5	0	1	1	
94	0.15	0	0	0	0	1	1	
94	0.15	5	1	5	5	0	1	
95	0.3	5	0	5	0	1	1	
95	0.3	5	1	5	5	0	1	
95	0.3	5	0	5	0	1	1	
95	0.15	0	0	0	0	1	1	
95	0.15	5	1	5	5	0	1	
96	0.3	0	0	0	0	1	0	
96	0.15	8	1	5	5	0	0	
96	0.15	8	1	5	5	0	0	
96	0.3	8	1	5	5	0	0	
96	0.15	8	1	5	5	0	0	
96	0.3	8	0	5	0	1	0	
97	0.15	0	0	0	0	1	0	
97	0.15	2	1	5	5	0	0	
97	0.15	2	1	5	5	0	0	
97	0.15	2	1	5	5	0	0	
97	0.15	2	1	5	5	0	0	
97	0.3	0	0	0	0	0	0	
98	0.3	0	0	0	0	1	0	
98	0.3	1	0	5	0	0	0	
98	0.15	0	1	0	5	0	0	
98	0.15	0	0	0	0	1	0	
98	0.3	0	1	0	5	0	0	
99	0.3	0	0	0	0	1	0	
99	0.3	1	0	5	0	0	0	
99	0.15	0	1	0	5	0	0	
99	0.15	0	0	0	0	1	0	
99	0.3	0	1	0	5	0	0	
100	0.3	0	0	0	0	1	0	
100	0.3	1	0	5	0	0	0	
100	0.15	0	1	0	5	0	0	
100	0.15	0	0	0	0	1	0	
100	0.3	0	1	0	5	0	0	
101	0.3	0	0	0	0	1	0	
101	0.3	1	0	5	0	0	0	
101	0.15	0	1	0	5	0	0	
101	0.15	0	0	0	0	1	0	
101	0.3	0	1	0	5	0	0	
102	0.3	0	0	0	0	1	0	
102	0.3	1	0	5	0	0	0	
102	0.15	0	1	0	5	0	0	
102	0.15	0	0	0	0	1	0	
102	0.3	0	1	0	5	0	0	
103	0.3	0	0	0	0	1	0	
103	0.3	1	0	5	0	0	0	
103	0.15	0	1	0	5	0	0	
103	0.15	0	0	0	0	1	0	
103	0.3	0	1	0	5	0	0	
104	0.3	0	0	0	0	1	0	
104	0.3	1	0	5	0	0	0	
104	0.15	0	1	0	5	0	0	
104	0.15	0	0	0	0	1	0	
104	0.3	0	1	0	5	0	0	
105	0.3	0	0	0	0	1	0	
105	0.15	0	4	0	5	0	0	
105	0.15	3	0	5	0	0	0	
105	0.15	0	1	0	5	0	0	
105	0.15	1	0	5	0	0	0	
105	0.15	0	4	0	5	0	0	
105	0.15	3	0	5	0	0	0	
105	0.15	0	2	0	5	0	0	
106	0.15	8	0	5	0	1	1	
106	0.3	5	1	3	5	0	1	
106	0.3	5	0	5	0	1	1	
106	0.15	0	0	0	0	1	1	
106	0.15	5	1	5	5	0	1	
107	0.3	5	0	5	0	1	1	
107	0.3	5	1	5	5	0	1	
107	0.3	5	0	5	0	1	1	
107	0.15	0	0	0	0	1	1	
107	0.15	5	1	5	5	0	1	
108	0.3	5	0	5	0	1	1	
108	0.3	5	1	5	5	0	1	
108	0.3	5	0	5	0	1	1	
108	0.15	0	0	0	0	1	1	
108	0.15	5	1	5	5	0	1	
109	0.3	5	0	5	0	1	1	
109	0.3	5	1	5	5	0	1	
109	0.15	0	0	0	0	1	1	
109	0.15	5	0	5	0	0	1	
109	0.15	0	0	0	0	1	1	
109	0.15	5	1	5	5	0	1	
110	0.3	5	0	5	0	1	1	
110	0.3	5	1	5	5	0	1	
110	0.3	5	0	5	0	1	1	
110	0.15	0	0	0	0	1	1	
110	0.15	5	1	5	5	0	1	
111	0.3	5	0	5	0	1	1	
111	0.3	5	1	5	5	0	1	
111	0.3	5	0	5	0	1	1	
111	0.15	0	0	0	0	1	1	
111	0.15	5	1	5	5	0	1	
112	0.3	5	0	5	0	1	1	
112	0.3	5	1	5	5	0	1	
112	0.3	5	0	5	0	1	1	
112	0.15	0	0	0	0	1	1	
112	0.15	5	1	5	5	0	1	
113	0.3	5	0	5	0	1	1	
113	0.3	5	1	5	5	0	1	
113	0.15	0	0	0	0	1	1	
113	0.15	5	0	5	0	0	1	
113	0.15	0	0	0	0	1	1	
113	0.15	5	1	5	5	0	1	
114	0.3	8	0	5	0	1	1	
114	0.3	5	1	5	5	0	1	
114	0.3	5	0	5	0	1	1	
114	0.15	0	0	0	0	1	1	
114	0.15	5	1	5	5	0	1	
115	0.3	5	0	5	0	1	1	
115	0.3	5	1	5	5	0	1	
115	0.3	5	0	5	0	1	1	
115	0.15	0	0	0	0	1	1	
115	0.15	5	1	5	5	0	1	
116	0.3	5	0	5	0	1	1	
116	0.3	5	1	5	5	0	1	
116	0.3	5	0	5	0	1	1	
116	0.15	0	0	0	0	1	1	
116	0.15	5	1	5	5	0	1	
117	0.3	5	0	5	0	1	1	
117	0.3	5	1	5	5	0	1	
117	0.15	0	0	0	0	1	1	
117	0.15	5	0	5	0	0	1	
117	0.15	0	0	0	0	1	1	
117	0.15	5	1	5	5	0	1	
118	0.3	5	0	5	0	1	1	
118	0.3	5	1	5	5	0	1	
118	0.3	5	0	5	0	1	1	
118	0.15	0	0	0	0	1	1	
118	0.15	5	1	5	5	0	1	
119	0.3	5	0	5	0	1	1	
119	0.3	5	1	5	5	0	1	
119	0.3	5	0	5	0	1	1	
119	0.15	0	0	0	0	1	1	
119	0.15	5	1	5	5	0	1	
120	0.3	5	0	5	0	1	1	
120	0.3	5	1	5	5	0	1	
120	0.3	5	0	5	0	1	1	
120	0.15	0	0	0	0	1	1	
120	0.15	5	1	5	5	0	1	
121	0.3	1	0	5	0	0	0	
121	0.15	0	1	0	5	0	0	
121	0.15	4	0	5	0	0	0	
121	0.15	0	4	0	5	0	0	
121	0.15	3	0	5	0	0	0	
121	0.15	0	3	0	5	0	0	
121	0.15	2	0	5	0	0	0	
121	0.15	0	2	0	5	0	0	
122	0.15	0	0	0	0	1	0	
122	0.3	7	1	5	5	0	0	
122	0.3	7	1	5	5	0	0	
122	0.3	7	1	5	5	0	0	
123	0.3	7	1	5	5	0	0	
123	0.3	7	1	5	5	0	0	
123	0.3	7	1	5	5	0	0	
123	0.3	7	1	5	5	0	0	
124	0.3	7	1	5	5	0	0	
124	0.3	7	1	5	5	0	0	
124	0.3	7	1	5	5	0	0	
124	0.3	7	1	5	5	0	0	
125	0.3	7	1	5	5	0	0	
125	0.3	7	1	5	5	0	0	
125	0.3	7	1	5	5	0	0	
125	0.3	7	1	5	5	0	0	
126	0.3	7	1	5	5	0	0	
126	0.3	7	1	5	5	0	0	
126	0.3	7	1	5	5	0	0	
126	0.3	7	1	5	5	0	0	
127	0.3	7	1	5	5	0	0	
127	0.3	7	1	5	5	0	0	
127	0.3	7	1	5	5	0	0	
127	0.3	7	1	5	5	0	0	
128	0.3	7	1	5	5	0	0	
128	0.3	7	1	5	5	0	0	
128	0.3	7	1	5	5	0	0	
128	0.3	7	1	5	5	0	0	
129	0.3	7	1	5	5	0	0	
129	0.3	0	4	0	5	0	0	
129	0.15	0	4	0	5	0	0	
129	0.15	3	0	5	0	0	0	
129	0.15	0	3	0	5	0	0	
129	0.15	2	0	5	0	0	0	
129	0.15	0	2	0	5	0	0	
130	0.15	7	0	5	0	0	0	
130	0.3	7	1	5	5	0	0	
130	0.3	7	1	5	5	0	0	
130	0.3	7	1	5	5	0	0	
131	0.3	7	1	5	5	0	0	
131	0.3	7	1	5	5	0	0	
131	0.3	7	1	5	5	0	0	
131	0.3	7	1	5	5	0	0	
132	0.3	7	1	5	5	0	0	
132	0.3	7	1	5	5	0	0	
132	0.3	7	1	5	5	0	0	
132	0.3	7	1	5	5	0	0	
133	0.3	7	1	5	5	0	0	
133	0.3	7	1	5	5	0	0	
133	0.3	7	1	5	5	0	0	
133	0.3	7	1	5	5	0	0	
134	0.3	7	1	5	5	0	0	
134	0.3	7	1	5	5	0	0	
134	0.3	7	1	5	5	0	0	
134	0.3	7	1	5	5	0	0	
135	0.3	7	1	5	5	0	0	
135	0.3	7	1	5	5	0	0	
135	0.3	7	1	5	5	0	0	
135	0.3	7	1	5	5	0	0	
136	0.3	7	1	5	5	0	0	
136	0.3	7	1	5	5	0	0	
136	0.3	7	1	5	5	0	0	
136	0.3	7	1	5	5	0	0	
137	0.3	0	4	0	5	0	0	
137	0.2	0	4	0	5	0	0	
137	0.2	3	0	5	0	0	0	
137	0.2	0	3	0	5	0	0	
137	0.2	2	0	5	0	0	0	
137	0.2	0	2	0	5	0	0	
138	0.2	7	0	5	0	1	0
bpm	64	
138	0.3	0	0	0	0	0	0	
138	0.3	0	0	0	0	0	0	
138	0.3	0	0	0	0	0	0	
139	0.3	0	8	0	5	1	0	
139	0.3	0	0	0	0	0	0	
139	0.3	0	4	0	5	0	0	
139	0.2	3	0	5	0	0	0	
139	0.2	2	8	5	5	0	0	
140	0.2	0	8	0	5	1	0	
140	0.3	0	0	0	0	0	0	
140	0.3	0	0	0	0	0	0	
140	0.3	0	0	0	0	0	0	
141	0.3	7	0	5	0	1	0	
141	0.3	0	0	0	0	0	0	
141	0.3	4	0	5	0	0	0	
141	0.1	0	4	0	5	0	0	
141	0.1	3	0	5	0	0	0	
141	0.1	0	3	0	5	0	0	
141	0.1	2	0	5	0	0	0	
141	0.1	0	2	0	5	0	0	
142	0.1	7	0	5	0	1	0	
142	0.3	0	0	0	0	0	0	
142	0.3	0	0	0	0	0	0	
142	0.3	0	0	0	0	0	0	
143	0.3	0	8	0	5	1	0	
143	0.3	0	0	0	0	0	0	
143	0.3	0	0	0	0	0	0	
143	0.3	0	0	0	0	0	0	
144	0.3	7	0	5	0	1	0	
144	0.3	0	0	0	0	0	0	
144	0.3	1	8	5	5	1	0	
144	0.3	0	0	0	0	0	0	
145	0.3	0	1	0	5	0	0	
145	0.3	1	0	0	0	0	0	
145	0.1	0	1	0	5	0	0	
145	0.1	1	0	5	0	0	0	
145	0.1	0	1	0	5	0	0	
145	0.3	1	0	5	0	0	0	
146	0.3	0	1	0	5	0	0	
146	0.3	1	0	0	0	0	0	
146	0.1	0	1	0	5	0	0	
146	0.1	1	0	5	0	0	0	
146	0.1	0	1	0	5	0	0	
146	0.3	1	0	5	0	0	0	
147	0.3	0	8	0	5	1	0	
147	0.3	0	0	0	0	0	0	
147	0.3	7	0	5	0	1	0	
147	0.3	0	0	0	0	0	0	
148	0.3	0	8	0	5	1	0	
148	0.3	0	0	0	0	0	0	
148	0.3	7	0	5	0	1	0	
148	0.3	0	0	0	0	0	0	
149	0.3	7	8	5	5	1	0	
149	0.3	0	0	0	0	0	0	
149	0.3	0	0	0	0	0	0	
149	0.3	0	0	0	0	0	0	
150	0.3	0	0	0	0	0	0	
150	0.3	0	0	0	0	0	0	
150	0.3	0	0	0	0	0	0	
150	0.3	0	0	0	0	0	0	
151	0.3	0	0	0	0	0	0	
151	0.3	0	0	0	0	0	0	
151	0.3	0	0	0	0	0	0	
151	0.3	0	0	0	0	0	0	
end	100
